Executable: ./poisson_j1
132.24 68.10 38.14 27.85 23.00 20.68 19.24 17.56 17.32 16.56 16.75 16.57 18.06
Executable: ./poisson_j2
132.43 68.38 37.84 27.47 22.96 19.60 18.77 17.71 17.71 16.73 16.25 16.58 16.55
Executable: ./poisson_j3
135.04 69.62 38.41 27.86 23.15 19.71 18.35 18.26 17.23 17.13 16.68 16.24 16.67
Executable: ./poisson_j4
132.32 66.73 35.52 25.33 19.11 17.57 14.79 14.06 13.25 14.14 12.89 12.87 12.68
Executable: ./poisson_j4 sockets
132.20 66.87 35.98 25.06 19.26 16.52 14.87 13.84 13.34 12.95 12.73 12.72 12.63
Executable: ./poisson_j4 - cores
132.30 67.02 35.96 24.94 19.20 17.37 14.91 14.57 15.16 15.95 14.28 12.88 12.74
